 F
       67893      374848           3        2048
   -0.607515521499803697E+02   -0.352408683164187053E+02
 T
   2
    0.200000000000000000E+01    0.300000000000000000E+01    0.968261718750000000E+00    0.317382812500000000E-01
   0
   0
 T T     0           0
    0.000000000000000000E+00   -0.100000000000000002+101    0.000000000000000000E+00
 T F     1        1983
    0.101681988733657067E-13   -0.607816210053075849E+02   -0.352338113108000712E+02
 T F     1          65
    0.108143706500759201E-14   -0.642708142552414330E+02   -0.354720523508367691E+02
