 F
       55615      240372           3        2048
   -0.263437849741124737E+02   -0.503158730904385987E+01
 T
   2
    0.200000000000000000E+01    0.300000000000000000E+01    0.981445312500000000E+00    0.185546875000000000E-01
   0
   0
 T T     0           0
    0.000000000000000000E+00   -0.100000000000000002+101    0.000000000000000000E+00
 T F     1        2010
    0.345949823448432177E-11   -0.263437849741128112E+02   -0.503158730903110651E+01
 T F     1          38
    0.759121490689470819E-08   -0.549702974563048627E+02   -0.389868950433631483E+02
