 F
       48901      175603           3        2048
   -0.246879826067973269E+02   -0.806106089190588904E+01
 T
   2
    0.200000000000000000E+01    0.300000000000000000E+01    0.581054687500000000E-01    0.941894531250000000E+00
   0
   0
 T T     0           0
    0.000000000000000000E+00   -0.100000000000000002+101    0.000000000000000000E+00
 T F     1         119
    0.156026330517644145E-10   -0.275819697560646411E+02   -0.820926105595559186E+01
 T F     1        1929
    0.103852820419867180E-09   -0.247449287570660168E+02   -0.805237653959926547E+01
